04600293
1002e293
02502823
0ff2f293
02502823
40030313
fe031ee3
05000293
1002e293
02502823
0ff2f293
02502823
40030313
fe031ee3
04700293
1002e293
02502823
0ff2f293
02502823
40030313
fe031ee3
04100293
1002e293
02502823
0ff2f293
02502823
40030313
fe031ee3
00d00293
1002e293
02502823
0ff2f293
02502823
40030313
fe031ee3
00a00293
1002e293
02502823
0ff2f293
02502823
40030313
fe031ee3
f4000ce3
00000013
00000013
00000013
00000013
00000013
00000013
00000013
00000013
00000013
00000013
00000013
00000013
00000013
00000013
00000013
00000013
00000013
00000013
00000013
00000013
00000013
